4.92941571197292,4.32127121172618,1
5.25148859546237,4.55456328691102,1
5.20679479185462,4.39170071694146,1
4.99288858015797,4.50920979467156,1
5.26127171357474,4.33230898436448,1
5.15530648232893,4.45142779567234,1
5.16280685774154,4.5303715327904,1
5.11058419679691,4.43173301238846,1
5.20867218456098,4.25295733114774,1
5.26270085078176,4.37071491149305,1
5.07584494904559,4.47333766819205,1
5.2504952509341,4.46259588014971,1
5.22753963103115,4.44736883778603,1
5.37329747877519,4.49572982912918,1
5.16113204998794,4.58564454993929,1
5.28399502333603,4.48410777456579,1
5.22370971695421,4.50466618620031,1
5.13878636598806,4.46435401426005,1
4.98646284699261,4.45869220845445,1
5.31851686217971,4.4235622958819,1
5.26456392310669,4.47539555011181,1
5.31722396826194,4.50928361337069,1
5.11879416010246,4.43892602461783,1
5.30557784986071,4.55603711856863,1
5.16653043845717,4.49737533087846,1
5.26382895528439,4.25651646835,1
5.1342251472568,4.49458020084563,1
5.25501507200334,4.43707870494155,1
5.18192669715217,4.36393552218765,1
5.15319579345852,4.47391701913046,1
4.91334877847823,5.00050709837289,2
4.86976808168698,4.86725904888075,2
4.85849722321594,4.90600790490245,2
4.66521130375567,4.54571523071274,2
4.80342850728739,4.90024057015466,2
4.90497784659066,4.90255990258227,2
4.79693344924884,4.86076747111787,2
4.94985320588949,4.75173389253964,2
4.7504126004809,4.792419782994,2
4.6438236205493,4.91353729231484,2
4.87599031841067,4.87510606621215,2
4.6376949360872,4.75044394294375,2
4.74997510989668,4.89525951166897,2
4.80118352416182,4.95212595506671,2
4.97422178793915,4.79677327551077,2
5.04730492755562,4.96489400823164,2
4.88696710084607,4.94607272354137,2
4.86008055797504,4.82251432852765,2
4.80879075131737,4.85459208088326,2
4.79488767344812,4.77649476622554,2
4.80103451517549,4.72773765319779,2
4.87591819961392,4.98095902156903,2
4.77342647816095,4.81843331297325,2
4.68201567302533,4.85890013720496,2
4.97294079158816,4.84395899671035,2
4.75507130557012,4.76694239231118,2
4.69108959160989,4.88192596062501,2
4.84671041235747,4.86322710084128,2
4.72621698893275,4.65103057758838,2
4.8029980172419,4.81829994575491,2
4.49951920514926,4.3421676611821,3
4.33724330654975,4.66605342472232,3
4.30348553689549,4.53376282346157,3
4.27135120813653,4.46645579746491,3
4.58259248970927,4.38880443731246,3
4.47193684866186,4.50051003477738,3
4.34987620368743,4.4899753219042,3
4.19071843942305,4.23492302735283,3
4.39585925097341,4.49756825747943,3
4.60266250821519,4.61176894765963,3
4.54593553167697,4.42763835230443,3
4.54696781204867,4.40506541567576,3
4.37381443843424,4.10247856856304,3
4.44733661357253,4.52123230266646,3
4.26623043860813,4.34339542868059,3
4.39581019887328,4.22249500734301,3
4.34028992259787,4.23350974659983,3
4.33449491262416,4.43749020446486,3
4.54036000264064,4.51899866608844,3
4.47870240355168,4.44367970193205,3
4.38506963519077,4.36174584392683,3
4.42357750503626,4.50817000327169,3
4.38952528302496,4.47181269891331,3
4.27246968867113,4.43656115682536,3
4.54755261074906,4.49179576052846,3
4.31296442978588,4.26830913278259,3
4.3224809401495,4.5426140700938,3
4.27932203062232,4.57560152435591,3
4.53298238819123,4.28554580539301,3
4.43473647479082,4.53480515076597,3
4.83870090563289,5.16158743657962,4
4.73361885702933,5.34928335863339,4
4.76818266789393,5.20535117650186,4
4.706857226519,5.27784385625667,4
4.75096942071131,5.15132794715076,4
4.80600938903815,5.25036117443757,4
5.02007811955612,5.09788198179805,4
4.78646034361826,5.39910338839904,4
4.75162891608079,5.1595121934213,4
4.70243117816189,5.10413974809979,4
4.83668330431621,5.21432947077984,4
4.93561405608964,5.18482629554507,4
4.78619266733583,5.33245988862335,4
4.57779344989273,5.1663716696817,4
4.93314055362035,5.01809122388699,4
4.70703489556171,5.19008750715426,4
5.10239094100332,5.26059726632015,4
4.92602148866367,5.11366204052452,4
4.78226314673766,5.08715004799963,4
4.77696815123432,5.01422381723916,4
4.58220297473966,5.30171455606961,4
4.76554713088612,5.30409576745843,4
4.76938958037786,5.2817830133178,4
4.81749098602153,5.37852656450702,4
4.7223604638415,5.3391409725132,4
4.8506363923635,5.22374302352978,4
4.8342245095221,5.09277569700889,4
4.9051862029592,5.31024418915286,4
4.73210982001204,5.21295789125959,4
4.69858244187072,5.35793671709915,4
5.24605155491255,5.33930048269793,5
5.14054022094156,5.22018742640187,5
5.31636778893464,5.3915062892145,5
5.28702874633704,5.3824416956535,5
5.20814576882316,5.2305759495486,5
5.24271491714658,5.13507054546498,5
5.33799464042885,5.28028639258984,5
5.05099768393978,5.1790579734817,5
5.16813535088114,5.32455218086691,5
5.35393780672786,5.14567653503898,5
5.44941331804286,5.30056363997392,5
5.156607739804,5.40455618514215,5
5.36101140545019,5.17582616857891,5
5.13819081322527,5.12503950637507,5
5.11916284725855,5.19820395960268,5
5.14105606696866,5.20049155716277,5
5.13161885967363,5.2272145241119,5
5.20655858304768,5.31756541318858,5
5.04712647829327,5.18614040174563,5
5.34459030350548,4.98524258960639,5
5.06920337558954,5.29507456601515,5
5.20263940470473,5.3342349196093,5
5.3372500329225,5.30265073200107,5
5.31827833863446,5.33845641050699,5
5.26294900753285,5.29661421405298,5
5.28786408556019,5.12951129272653,5
5.2939070030187,5.21746506270603,5
5.26243065804949,5.11007403560863,5
5.18366246673743,5.15015132974815,5
5.31566964445572,5.19570377804546,5
4.43614481768723,5.21088017445371,6
4.58169102872996,5.27254803236701,6
4.34212631219291,5.16284355743843,6
4.47741159870762,5.21155550486066,6
4.63206828676886,5.20704122094447,6
4.28794066401321,5.31101904477075,6
4.38149587601918,5.27043823008478,6
4.21146604956523,5.09553398309264,6
4.36395054513567,5.14381922413326,6
4.40817096146903,5.20448396241212,6
4.40944424102624,5.3099705280121,6
4.48934013745101,5.18719642212519,6
4.4031119642448,5.18402885212361,6
4.50338773966684,5.222100143118,6
4.49468291608087,5.09950194214401,6
4.43272207243259,5.2660060888709,6
4.41864318387107,5.27609458439613,6
4.42463281556627,5.33083427778339,6
4.39424017671278,5.24302265303507,6
4.43305966139209,5.18050617937953,6
4.21866159802938,5.28241204428784,6
4.4719053472989,5.25915889727612,6
4.44577866601987,5.12009467959435,6
4.53392239421236,5.23750114351451,6
4.5072389372887,5.11637051403997,6
4.32149955531098,5.12639983451113,6
4.19119497063634,5.16967291661086,6
4.36116462085743,5.16109483441715,6
4.2914686920205,5.35544893374411,6
4.33736534730977,5.45838340211385,6
4.16253361211142,5.26502763305391,7
3.97856590212363,5.25141351906905,7
4.11957682089129,5.1382486886757,7
4.05809111894523,5.28266614293921,7
3.93516681052958,5.2424361343692,7
4.00489224145962,5.17045124050391,7
4.05323872026416,5.36140024469692,7
4.06634407309796,5.34268061759337,7
3.97790425085671,5.21343560890603,7
3.93402776171322,5.27720879362622,7
3.94910628012444,5.25631518222797,7
4.08184672487023,5.26064844423864,7
3.91388717980815,5.32552861856723,7
4.12120295563263,5.25969576023862,7
4.09183609805327,5.1473425424872,7
3.92965876893076,5.24855368324885,7
3.9548958188882,5.26581788198684,7
3.96569874785069,5.34672736816618,7
3.82460467030123,5.28332541709994,7
4.14858053006523,5.19627705018739,7
3.99961709246556,5.24523704301395,7
4.15000097185741,5.14092400286438,7
4.16544288656678,5.17179818930589,7
3.91381809860191,5.29331105145922,7
3.88397285798674,5.32835932632742,7
3.99935060482706,5.20849140307389,7
4.00168187738946,5.27811554197704,7
4.03549801012999,5.31881049314025,7
4.09824031980357,5.42507946602432,7
4.09281377708239,5.07738284414379,7
4.04777604931742,4.71002628877234,8
3.96298555826458,4.80207468175381,8
4.04997077063269,4.92242566972478,8
4.17963377272118,4.68075822255289,8
4.02605401185647,4.73402587441358,8
3.96087314972909,4.87727169659473,8
3.90365352419553,4.87624429730946,8
3.86950547078294,4.59399467663371,8
3.97551695181784,4.96555765355439,8
3.88345632929463,5.00980878308643,8
4.07211782876478,4.63743995336588,8
3.74177994568928,4.91571187009619,8
4.05954676000344,4.95592157287935,8
3.98820235147043,5.02082487894496,8
3.75905876169661,4.80516668955109,8
3.81826633048607,4.89699017334404,8
3.94918911717699,5.01937031256317,8
3.83747593784814,4.91851915544433,8
3.97569922131568,4.81929768838171,8
3.9429374819766,4.92418703963022,8
4.14103354822562,5.04184667442941,8
3.98772656301367,4.75959691321333,8
4.02934754648715,4.77907263088227,8
4.16361743305131,5.02613883515091,8
4.06697232282253,5.035310964213,8
3.90487961076838,4.83119177108479,8
4.03515200216978,4.89313513784325,8
3.89188582045527,4.9234940489779,8
4.03217057712309,4.9270708022674,8
4.0949167402945,4.99206354462302,8
