3.59750625259779,2.04310490998366,1
3.60966810685009,2.20685320031906,1
3.66635992916059,2.21446636151012,1
3.73019406847646,2.21962624834844,1
3.62879332274734,2.35094771409072,1
3.58051603278067,2.37086327237505,1
3.58013160553615,2.16197342508344,1
3.57910111326622,2.22910239634088,1
3.6495158906879,2.25435631280339,1
3.70803667175839,2.35357993069443,1
3.64110198481502,2.35381362118593,1
3.63278382968551,2.27576647958577,1
3.55894739884327,2.22664086001904,1
3.73119753328094,2.20441967198255,1
3.61087059566625,2.17884547620292,1
3.54543071040606,2.15463328523289,1
3.61709332362116,2.24061358499531,1
3.76939891052669,2.04162822614915,1
3.79084591086304,2.24252647290456,1
3.68091536219966,2.16647477135119,1
3.64680330626868,2.14519449050373,1
3.56576164877769,2.27374130923425,1
3.70983591638921,1.97976064914483,1
3.65468321065018,2.07196360742106,1
3.64126612302985,2.18189180494585,1
3.65723440240377,2.25042939681069,1
3.48049836867268,2.25716472103482,1
3.62419147720825,2.09882521697351,1
3.79783836720692,2.21126604100689,1
3.71048303535548,2.28440710670826,1
3.09406341262895,2.2741532677813,2
3.13915903373707,2.16076770457513,2
3.19610683148908,2.13993567063175,2
3.25580164227403,2.16539679836262,2
3.34096485309111,2.21928187272496,2
3.28766690179933,2.26146058255468,2
3.16306583097161,2.39624794656639,2
3.27512852176617,2.17718989327466,2
3.40149571614441,2.40227481964939,2
3.28369611022071,2.03584771916085,2
3.26345246669494,2.15308647079556,2
3.25877006054263,2.31430799175094,2
3.28655400018032,1.92788941118224,2
3.19335009140468,2.29346218441908,2
3.18200274087174,2.26209229229718,2
3.18703171742171,2.13493915662277,2
3.36077368141329,2.2542882171054,2
3.18053874601651,2.04695916230681,2
3.30814952061217,2.10814048808116,2
3.23766572966557,2.10410920179051,2
3.22281540539959,2.38093548307907,2
2.97624844492704,2.12710393856839,2
3.29465830617655,2.28082614487174,2
3.18911153383868,2.22123934955823,2
3.2460518411441,2.30528842979302,2
3.21973808629306,2.26633562112997,2
3.29186755062412,2.24196958502962,2
3.21550477116949,2.20079787934722,2
3.03420817758493,2.21917964208002,2
3.16614816683674,2.23273404036529,2
3.70915630231574,1.80614605644912,3
3.62990021529059,1.84473257137884,3
3.79978228113568,1.76185250765758,3
3.65010146413518,1.853166625912,3
3.63739442851261,1.85945729412437,3
3.62398898356351,1.79372967928077,3
3.62832878300569,1.79402336028292,3
3.76039316103076,1.82590398738305,3
3.4458314884572,1.71143087326868,3
3.71681287055331,1.70967455792992,3
3.56034733182971,1.75205746644209,3
3.72379953421533,1.85189410028337,3
3.5996285057427,1.84573549962457,3
3.64394988122176,1.85985325196688,3
3.67497264785092,1.74196614760999,3
3.56547726999814,1.88560876515272,3
3.62428302931695,1.90845755288907,3
3.90731207669508,1.67611583716746,3
3.63940973608502,1.90560635726184,3
3.62057222733582,1.91899115945762,3
3.46000286349422,1.72470305623356,3
3.60618006505297,1.88990538135081,3
3.49111795005188,1.62639410215506,3
3.52587142730981,1.71517283149592,3
3.56202208211689,1.79685606626996,3
3.67843209393606,1.80947011473082,3
3.61507198960505,1.71735149638386,3
3.61315202156193,1.77132937646219,3
3.59073172636002,1.77237100488846,3
3.65757570178392,1.54275322472676,3
3.27479663863575,2.03781363881091,4
3.28530754129419,1.74254347181954,4
2.97370779404615,1.85047947475391,4
3.1323876277159,1.73060027592448,4
3.31476084967313,1.74709629900324,4
3.35647832945164,1.59953938573857,4
3.17473915448485,1.80016989562981,4
3.14657152507187,1.7654291002751,4
3.19049958590171,1.86881514169511,4
3.11798246736269,1.82681016950446,4
3.20329598424626,1.92267562295711,4
3.3399412271466,1.71335193766773,4
3.21572912934076,1.70992226732606,4
3.03527212040891,1.93806210071596,4
3.21736949511343,1.80903730057712,4
3.29478476575409,1.93085498536282,4
3.1046036900649,1.91725867952627,4
3.27411926359392,1.8468186184356,4
3.21855616537502,1.88689271321159,4
3.3975410378527,1.76356059221463,4
3.04599551694515,1.69051789879317,4
3.38545302839582,1.79886026452524,4
3.31726669488991,1.82227418448539,4
3.12468199144124,1.87032718794118,4
3.19040264467258,1.70718078449103,4
3.24188652213574,1.6727994567581,4
3.09999116062575,1.66634239990588,4
3.14523260174627,1.7732860305128,4
3.19041566408987,1.79105700938978,4
3.17358990969837,1.74938105555006,4
4.20795272442043,2.25846730971815,5
4.08815262794278,1.97789166886588,5
3.98165912762831,2.11845998548512,5
4.10650679730051,2.210655713928,5
4.25406567564561,2.26879417887998,5
4.20665415071329,2.2958107268508,5
4.04603287908664,2.4534675273395,5
3.95404063434627,2.22413169154413,5
3.72978806624798,2.11757077891484,5
4.06281524712497,2.27738819478071,5
4.05613529864227,2.10414556499982,5
3.98196746901961,2.22027909631187,5
3.9889751042627,2.37809045309933,5
4.08154435646095,2.36396705276545,5
4.01454875742648,2.39381582991539,5
4.03866351397302,2.15770382217995,5
3.96608088641734,2.18472139299648,5
4.01012082290152,2.02342280478377,5
3.96667481893069,2.31381688993949,5
4.02585062917733,2.42842494730125,5
4.06172781951206,2.22649862328578,5
3.85326823888848,2.13691701232221,5
4.01634588287505,2.170357037944,5
4.02082299153457,2.32786805026883,5
3.97084337547517,2.40410586250946,5
4.08098288496189,2.25619750593975,5
3.91527709464118,2.19888662375097,5
4.08001370694721,2.31557298419824,5
4.12325764595295,2.20343892637786,5
3.9753152065349,2.33852329370958,5
4.40278384452851,2.24094804534017,6
4.38436996663528,2.22449182862952,6
4.32998125641134,1.95522476026726,6
4.46008845870207,2.26175628847621,6
4.63295870720935,2.08924704273684,6
4.51392326082676,2.21699062022094,6
4.4223167452692,2.25341548456347,6
4.45569689636092,2.08204949578516,6
4.39716886840185,2.13096370492515,6
4.45897101649691,2.06997590327619,6
4.51842846177391,2.05047352495643,6
4.47398565872544,2.25464128530298,6
4.48774806511044,2.23573138293903,6
4.49227733724792,2.33527637463637,6
4.23591180183691,2.15523189533867,6
4.34447633273414,2.13562310085976,6
4.61894180480036,2.19857098611638,6
4.45810896061351,2.1240941032002,6
4.53808527439267,2.24628231066793,6
4.3228177639088,2.26630448212867,6
4.45742921470705,2.07521069380245,6
4.50789062676249,2.14913408710239,6
4.6313565259116,2.27715981440617,6
4.52832135913437,2.21527292750227,6
4.48913764745201,2.15144276556816,6
4.47847347754597,2.14190657245886,6
4.386575373253,2.17412767065322,6
4.4811458295088,2.13829656747994,6
4.48022853752061,2.11801479398895,6
4.38181370545243,2.03527900597869,6
3.76484040055137,1.38650898871148,7
3.58944971350448,1.23089042161354,7
3.74886104122254,1.36154547353654,7
3.54857331364337,1.48211920582061,7
3.39261704665485,1.53018771064392,7
3.62241492225911,1.51610763877426,7
3.57438550360131,1.25280480984461,7
3.38650949690601,1.41562176330853,7
3.67689654833069,1.4135925884627,7
3.73000745818369,1.41300306534493,7
3.6593639147801,1.42688553221501,7
3.52078502707081,1.41510080310218,7
3.67354330119011,1.28596253071168,7
3.70837174745898,1.41255708469674,7
3.69107653629764,1.38065964234424,7
3.68062794591259,1.46617143371818,7
3.67716595375057,1.24746398268666,7
3.53925507652595,1.4456331838571,7
3.52062737747465,1.60812708171471,7
3.54682780648458,1.51144686317939,7
3.58080411635535,1.15929937407747,7
3.72592491352603,1.46758935878765,7
3.65648732443979,1.6054716749076,7
3.70314017593168,1.53416011459588,7
3.54590579395048,1.37954638419382,7
3.61295199211309,1.29706091673206,7
3.50792872693503,1.4447838433658,7
3.6653427322097,1.2894166148433,7
3.32171819937378,1.5247896570876,7
3.59941011937031,1.32620589715899,7
3.54472895086574,0.970993931771386,8
3.42939904125029,0.97365011204671,8
3.55794918723153,0.944868230531839,8
3.69077948164749,1.01393509182983,8
3.78767851479898,0.942660230956985,8
3.75180870990949,0.907588454186431,8
3.593355972628,0.74777143455562,8
3.61965651034006,0.975893663726519,8
3.56656342767702,0.992164223947302,8
3.66062252488825,0.8598865961575,8
3.60623991102448,1.06091243013432,8
3.68833114539332,0.948913698271337,8
3.69728134422937,1.20978495561554,8
3.69992792648876,1.0151825214066,8
3.39822502273683,1.09234117416823,8
3.61686113997458,1.2772360404668,8
3.56205790207166,0.985749239512749,8
3.43077026854732,0.941100327882032,8
3.45038685179994,0.896108779979641,8
3.56011713382458,0.974068842229388,8
3.5395139201398,1.24614163569623,8
3.72629428464353,1.07283509028357,8
3.51389745080384,0.812785191542775,8
3.70582472203076,1.0231317158405,8
3.59629258982595,0.91904030097159,8
3.61239046552642,1.05770554231848,8
3.56175359996822,1.05536561692884,8
3.42033942138801,1.02297848960836,8
3.55763300306929,1.0708764679437,8
3.59721759408822,0.90037685140119,8
4.77789657391832,2.31895537442192,9
4.82093276005063,2.22334219661948,9
4.96651432445517,2.19382029391787,9
5.01914330763007,2.12716646358985,9
4.77781147849293,2.19049811049465,9
4.85067154267479,2.27703443089035,9
4.77140596255211,2.12980330660726,9
4.70295952897154,2.08127298435252,9
4.86551483651994,2.12306217030768,9
5.01944028095511,2.43201664712462,9
4.90505951586466,2.21123417294701,9
4.89433119787032,2.24468694021663,9
4.88699644953204,2.35834804817942,9
4.70975824849346,2.13993362011959,9
4.70124753933308,2.35700245217708,9
4.87311761669657,2.18590543403148,9
4.74255092063361,2.33268017096106,9
4.78783941356409,2.22788013609239,9
4.85147037746382,2.07777693288619,9
4.74141724337653,2.27874976563365,9
4.76853357509969,2.11866242510472,9
4.89119145047693,1.97415409992142,9
4.84788225872733,2.20622794855933,9
4.76847774509729,2.27911445656079,9
4.73273631641854,2.15054539631294,9
4.72102013278419,2.19177495562126,9
4.81481030534587,2.14611318523429,9
4.84187706881815,2.14872504116866,9
4.74919867769932,2.09778762039377,9
4.8430073722478,2.24345616258812,9
